922
1869588875
1109777656
1085696387
1433149706
686816009
651337772
88788485
1062030434
568538149
1137840196
408495855
1992178490
226182935
662898020
414406307
1569651950
989296897
1284649788
606630119
282699350
1788025309
595810904
1470121815
1890967946
444189325
814464884
2029033593
777370454
370765017
2070602248
1784562429
1945341516
1592772851
505030592
726036207
832606752
1116565061
989190600
1884730919
1822104750
1774050673
817217170
225384783
1562928742
757882237
13460984
260237559
1669611382
447664915
478726996
363341649
44607958
1092866805
1220807612
1849837827
444266826
1370995149
260994236
1639432483
822271374
1815775265
1494237660
743207635
322229902
1083817979
1850763464
1558514339
1314238030
753553269
615483156
1895839415
545999886
1917805913
1970007060
302858121
1135356302
528403829
1268739384
444903735
1968165766
162989557
915420296
1927375347
0
1913955957
1255477612
424131645
699322034
1763500969
555530976
1612533707
509329734
1262567817
148083460
0
1527271062
1067703779
1632190690
820241347
150874066
1076627921
1561270948
527102207
1370152692
1214444173
1379248002
1189612481
1061632976
286898109
634933128
1119015395
311752956
1829196267
1610709732
152200547
921924464
263807263
1252886548
1311726341
831777882
0
1804456528
1450699875
0
1509243093
2104190382
0
1502004294
1697184345
525911904
953651363
1239574250
684183289
759845000
633448983
2090052242
195040945
273690888
757518417
1299332024
833328557
463683358
512114219
321340364
860169849
1763553056
1654484143
1609418394
1946193517
793736030
156383423
458110572
885453169
1692716772
1542966281
725925478
631111247
1968769284
2112382453
1572714102
1312416277
1926705748
2012998227
0
78665833
780355878
774783285
1688481874
0
861703512
684987939
541037634
0
378293688
417678199
1183008782
388014121
227254076
1439364515
0
601583857
723958320
2135394799
1453292946
390310595
883957322
888514809
1263456698
1153202943
1565063528
0
1479069954
1454593533
928776298
1704441375
1046118530
881642253
1160262932
1710754559
1974660742
1718453771
1901746498
2119304831
1903570174
742020841
1227006464
471834111
1961581492
40429373
175176524
1647133643
1578849970
614679617
1059097606
1826664215
2104270244
971189371
347922872
2070205971
158876730
1214299669
0
1199735677
1693455910
1645367129
170111904
502124991
987544434
0
156138944
936698123
214196342
1379117717
581617648
1545292075
1847746630
896047351
1474437292
1427943347
886241214
919253845
768067224
1688786987
1810640610
2038025407
0
1832169157
2039241118
337203169
2083852588
281235287
1140505310
381192373
1187403972
1256706255
533421532
0
0
0
251857682
606502701
1406327672
150520247
797317566
307177941
511513500
236428399
1560261074
962626583
27639756
0
1204660674
1122204011
243029556
2018255657
1691645880
1909209433
1358403982
0
606225398
871508745
1150202720
728235787
1038490818
977531105
653418630
1316162551
1389414378
1078992611
0
1038322879
146311418
1160548865
1138133832
0
1436081180
1844804661
1475253778
1482096311
1214604162
1975564813
1569465492
0
1152806194
1191674693
1041004908
2112544563
0
465146401
28253208
1863858223
679294180
304260883
321629770
2001093779
0
1080181421
527057508
1872399477
1218263970
1188318001
1884756332
2078059067
1248570354
914520239
0
664292403
178425606
1628595585
385250936
0
1192020464
16504079
973817496
1477384531
1358144860
1774008577
1822751432
901200417
798995098
1688870557
2093276248
865991867
936211354
0
1255168880
282306763
1269535954
1307361725
230646972
0
1271834164
1336494643
2081358204
1990226235
465244966
747470909
0
1672840397
585239438
1728749797
397445140
122460969
39499448
360028863
628951528
689519955
1102580490
862586405
1982642360
1241143207
1074171098
1823860385
751479380
1412138739
1295971078
0
1121545930
1201977993
1673918520
1301099353
1613322416
437014627
1877241060
1480867877
2055156802
1679288247
2069861834
1102707013
1469304600
2046929931
987213886
770530349
1271643506
862800027
521070342
751126013
1531285934
1260592791
716007234
1415063177
1840061136
1462087239
1874229874
1668909689
1146343192
2048745703
134713982
1668314697
988279762
1874643031
1093182010
986820615
1264379292
1352931543
529404148
1560329725
1671204416
1653030755
132147856
1404914989
466734688
1892520527
702230132
1056884969
870566826
1950612051
1059680674
1162653513
0
480976531
2003952140
692644603
644549952
2021761823
1409444254
845024221
0
0
2051205518
2068772949
1769070876
0
209881666
1351808629
14287990
1926261093
418246830
525993705
875589772
1543677771
68026162
114524465
1820194132
1689234615
457289132
739646515
743948716
1712194103
1611984944
878120263
2019725356
0
1185596554
0
482137304
1260083167
764075066
2136813517
391400476
2040483527
1468184982
1620847473
783373912
722708463
130304902
241962733
1669131224
0
1698464158
234025707
1877924588
277020305
350045046
0
1371687696
1755198245
1883272364
0
217454420
189081511
555850290
704686241
749027576
2059649653
2005728292
1641160705
614832024
2121452139
980975758
413919085
1141907364
1618434485
589680410
1220990859
1506076136
2098832227
0
66767143
1301949350
1989614991
234776094
46666811
679565236
1527287963
1328307250
931381047
848855920
730863323
58475554
755946209
1140972226
467034807
70179954
304314025
1649551160
1307599159
1994000518
305281237
910284092
1956731505
1195875238
0
1416551414
155407599
1753129390
1084506009
0
309031559
0
1870890013
1324307252
501883247
1536692074
2003843219
0
360561537
1993874406
0
1017173736
997092175
625056820
884772269
1621931292
1266451641
1134657622
1388416005
1804650592
1348417599
1718176718
1882884729
1679117264
1126962431
1840992032
0
455144344
0
1134247654
2077361701
513633732
259428715
1884132698
352986191
780598288
0
1060818946
164265405
130897160
1877255435
1816538010
296053241
37287878
701568263
1234386638
261701981
91344264
684647641
1496927712
1079500239
606051008
2073595975
2073371142
388791561
974372136
556521143
415208626
867952577
636218212
1020520925
618982820
1276113813
2113908304
1501702359
1154350552
919587701
1126511704
1220256101
0
1317718763
1823361400
256088255
1655653462
1639805501
1399987652
735169903
855542266
1711358161
846808026
174078527
236070618
1578276469
1028333896
1713153621
1633342622
224559801
878194560
227624569
2104346762
1144591037
900160606
604661125
1940176982
1434310235
527103664
1062992395
1126093762
1557410421
795825628
2008341771
0
172744749
1081422428
1176985387
946937346
529026693
1815464792
751645159
0
862693779
0
1854585543
1466972730
908101021
429917336
1417000567
572499430
1176459993
59102472
0
1318709624
549773909
785955548
1779610775
898979830
1465101433
366881452
0
703768354
0
1710887836
734025239
307015662
284955649
1965057680
1499507131
320680058
258363165
1995983608
1157431119
1448262274
0
1437672856
1513754385
518640298
2105200217
1059044516
1976271391
1809811442
2113744323
1636463204
980053339
2113026094
1642951645
1043583540
2090679927
954285418
0
363592376
1975442491
690667456
1436559077
1634320030
2074668955
1482467782
857033921
581510700
908277969
1409450034
1543295513
1311783352
2091361357
1959136502
853022529
1767508656
1671548591
1206689618
1060797973
348599372
295651349
1743580910
1295822101
2113171346
76899227
1007332904
1894843673
916341212
1315598837
1763027974
1459301971
1750954100
1304622071
172248682
52433141
1701825366
548472411
1336344082
1978324489
530954220
632667699
1104907792
1397000285
607629470
2112621543
0
0
1929336850
328565523
696678886
1461169517
1060126632
1393359111
1306796526
95727475
0
594558511
670628210
1552036365
166224958
606637847
62987062
1920569667
1143859120
0
123838752
1658470223
598168852
1800432463
15733050
2072702757
1206358172
2093549967
812358210
29289817
0
1539152351
697709854
945841009
242321904
774893643
1410868822
187631767
1095593960
1401401837
246760442
987822797
1549598680
0
799613178
92641577
463392246
765828837
252512308
1979063457
735623808
60104075
1353908946
1910052245
319136064
1532465695
1924615490
505838841
2067610096
811196619
587678286
1661606261
1152809044
180923063
209403934
1139610465
423761778
1755891419
404753342
1014424017
122232246
264167485
985315022
487178011
1912565556
267527691
151437384
1381045773
888290248
232312955
1596003068
215646489
2146844904
367615683
0
358404201
1802588582
1564499907
2021598310
1163863801
664076074
1385518943
1520434166
702762749
1342451372
1989867525
1057764572
2012236297
1943001196
1954560995
1434162848
729232773
1776257280
1264848343
805046710
0
1150152794
1259891283
920241168
1563035721
894400048
78816749
1215912674
1599099113
1528956954
0
306396680
1228045917
341482056
395607367
331411028
0
26317880
1716733563
1158035130
547972181
1577730182
1005899079
2080895966
1903995987
1539207796
1359240049
975219378
0
389314340
1562939301
0
1107100609
0
1016917959
498753262
1946625957
5491358
1612583789
1152704874
520929417
309659384
711316995
668417218
1226938021
431000388
799447695
201573006
0
1861786088
0
652105838
1178859903
1453562236
94845535
1412020334
1828552053
1515383224
0
1349007890
1592645953
2116800908
875694267
1687994238
1494461701
1310045602
203342041
1795357616
1637478489
0
1855869699
536997786
311917569
1781685218
986113185
930595558
1452890599
1356398152
1891124375
1699406452
350763845
1516491154
900370439
656242722
562489105
2102470412
1131382927
1159755222
334998325
343127066
364475019
123171022
1966499425
1870670260
945804941
165838644
638504001
593633448
2083198535
217983446
541690041
1936709812
1451871773
0
193516849
348690424
1736203051
1652948718
724231015
1593848990
734504463
319179322
750865449
347792090
782550041
1590598146
1024794017
1778346284
1386003285
84265606
1468600209
1646657672
649567403
423451442
394125477
0
1794995319
1401872478
1249997721
428411400
1352770947
645378690
1273624249
1562432828
1563970855
966124774
1789501253
1317113676
1932338327
1476423826
1182389641
2024221700
0
1134825870
0
1553096802
863141555
1560541568
2137649865
0
776864991
251368638
