880
48935650
447467973
202854452
139884169
296510894
1793158365
1118014370
749280227
1527338958
2130178245
670690642
1192451081
1906049678
1684908963
153859758
1982544287
1688095202
1684002999
207673836
1016516851
123336016
1007532381
1543744710
1055229807
984801188
970704219
1584571782
25651211
71208790
1554756019
780918926
1261207447
1384787790
1090418651
1852252518
1517809785
122099708
1566545797
2013110686
1988146617
1353485790
2113395691
1481697116
215511803
1254428368
0
859789230
1725055009
467673890
71245469
307749172
1453048001
450772252
1794189955
1478910832
937729167
1749069050
1046029999
979506752
1786798921
693936828
1330633265
1474020864
1057707097
868095392
206945695
1764382404
1898521461
1376995292
1000147927
1208358396
865694635
1540887118
1773070105
1018239718
0
1184585836
2091630641
227774802
255957919
705472296
636426223
389418650
740822717
898899956
681295783
1727836730
727816741
1703096472
1415836665
1996731956
53411139
56995896
883603133
277176750
258881271
150588880
857650373
379884342
71964563
1766214480
1847077769
822814842
1718778573
1929901908
615313125
0
70330993
553878978
970443403
480259188
594534177
677068558
1422197795
597721726
651685149
115016062
85018605
1080374734
299677673
889957374
1758993711
1159250724
1514209767
134672778
1483279
398422164
1307267263
1732824594
358618327
1817438998
1046552375
1166589876
359805001
1067261358
1598826827
1331026392
765585323
305852476
2063036893
1620158076
167631097
2133714090
898197151
1519950422
748635089
767836374
729192645
290929946
1510545497
1392747166
1134606109
455634376
792509109
612241294
326618023
1671056276
2120706769
126903904
133411587
1339813468
1534814941
1458915208
1447470739
1885379200
1326999521
2045345388
737372661
1276852752
441238045
102831840
1414127435
23777546
96689079
1609065868
665082363
83214878
1366097861
1214229656
1142183823
2086986418
1518311023
987220908
152900413
919439842
1888163501
1526838202
612091051
2062149154
2100913981
1864090462
1948516893
1316816226
496112399
382633408
1449446495
710794740
1732127463
4883816
730646989
1053730270
1948342081
2059254036
607701203
1515366812
75672111
354269892
1099306803
944464010
1700508117
304859966
625573445
336493230
205228301
348280696
613324389
1792755274
212908283
1607117406
1204916307
1158284584
1175879999
337205306
1302207565
758039438
804649861
505585578
735379753
2133910900
263416499
2042940112
1312195509
1930915564
213808419
632712728
1495794355
2104535682
1908385985
1865271894
1043911507
2088945880
641857175
1532980858
1459851259
1470220646
1266170543
0
2029138777
1591641366
1765525993
2009262677
23385316
647489843
1703828814
1794900375
379920660
0
1630048426
897319351
2124331206
110010031
1443323150
1363357973
560767694
1280973379
660904180
1475232709
94621352
1977681673
2082380198
1220383447
603000282
382271321
279510332
1292597193
276892408
711587849
0
306534113
1230696016
2001685445
1823563668
1999697505
275633820
1444807035
432093798
259418063
640863674
267583885
1444613248
2027679961
1858513960
935462415
777357856
1474909811
772131846
815957043
1220369144
981818469
874209206
1600729405
2008478856
1384668457
0
340543731
284629226
113514413
889371598
1403846367
400379150
421608447
1607073714
346858775
1888360458
1273036775
51974122
849218503
306016486
887437801
1571161174
325629695
2138209190
1387516309
1244201256
448720675
186044818
793428515
1314323594
1136524523
1464923816
106064837
720811854
0
949863056
629520257
721682958
150733421
1919684052
963638975
1259576536
423950079
1336522090
1629100875
1123653338
808860713
1987489228
1023628189
514093086
1717721025
1726718402
1756463553
1205801878
999651415
1903931788
1508375451
82800054
586484023
551237202
0
536572152
1006626155
816397214
1839638607
1501368456
621661369
1639536484
140268659
1793662352
1128718623
1611238938
407712789
1594064662
1891721797
1796324718
1047684729
79599204
649148053
1485117508
1002167169
0
2119053779
495889532
2064704913
576755372
56083585
12874872
1447847921
1947015804
322199237
632970128
923612175
22824034
926245609
1557966446
739254881
1165645214
1489595491
1440603758
323842567
1443739326
1243066201
1327644420
121222189
751700346
283558835
1932940106
1902347255
780595778
1232817161
1186898168
2131420877
671082006
821019803
156570276
1347415403
1929112958
379348129
1886970916
1826163089
1165042122
541196861
1393238844
653425277
0
936447291
1621862160
1667251609
458728376
1647291029
1611822266
937261155
1843134516
1495096079
142039978
1376137859
2047989052
1473568583
188366888
1288816123
774512348
607458459
166383568
593541911
1165514990
23423495
1023751498
1566797299
950667332
1528194947
95134536
977655985
42587738
394548489
588730928
1704303445
931299046
234946093
59327862
566113183
911561374
1217515235
510705266
494582203
1731347620
1899339307
335602850
1563967545
413023896
1898303935
430748010
236048605
617881560
340578357
16308112
846366997
1127480520
198310507
994012176
533504529
1366449026
1411145959
136191070
90835449
1609456960
911215581
677815660
296328367
350577940
460921195
815415742
1352922219
284103920
1197299353
548816294
0
1654256932
407540169
677496444
208000911
303386912
856174618
1040669799
1442003864
236248099
1185656140
263828263
948709898
553548227
410045770
1874617167
1511007900
413444633
1683879158
820965227
2006381576
1996013493
888193954
850985843
1594265640
1946239245
1512329930
1605783139
0
0
1343956750
1412384803
512725618
1040095027
1573541238
1087328905
2091603898
747137703
954022440
2070017913
1947701518
1965376719
904331918
75833981
103996260
2097808725
1668373278
1318584055
0
1176999665
636691708
1209929603
51801074
1787978921
2059998344
692936103
1934057766
1591265525
1724837308
0
1072809756
0
1886585498
1989957249
1545320018
667450677
1183103930
1321550875
401723652
2057602739
110189030
18478301
1833561254
814279909
0
780629491
110300052
445124287
0
626431713
1771144562
64251809
1222567948
925602269
531610676
381635819
259783480
777367245
104971508
0
0
7838585
1447179244
2009777451
362105356
0
1343608266
1473845223
1205373750
455107985
0
406341237
1376208900
0
952597080
600974785
326084404
581891983
334691760
1189759491
1408031152
555463989
336466670
0
1563362200
0
1092448870
323052511
1414547812
943237319
1119073444
517991401
0
891265015
431386452
1131977445
1032537718
1129756351
562317572
1585774079
0
1789398283
1711579344
1727781831
553172986
1289949957
1792964894
154311111
2125696974
0
235206836
1654373245
1589819462
803844131
1696578426
1007765413
2125415766
153443425
1561287622
342725823
1839857202
869626987
0
0
1865496348
1103226139
256603134
660887379
1957287274
1150074659
740287218
0
149112986
3057417
70330816
1125884147
1426036974
1221822477
346300444
90851363
117312212
0
1319526512
1921423817
647786574
525526461
2014736642
0
1810476904
144150737
86978132
1224996071
1724968862
2087039495
794559118
364549067
1593362644
0
1388204322
2077264509
869836940
370844023
758530550
1391371835
250837280
566308049
0
995983023
973893962
1511545857
1412066228
952454905
85847166
1765964649
0
850404695
1384646120
673366849
1731347294
414037147
539110772
739674855
924767814
1889941411
806289906
633272037
1119279390
560469397
1508004644
0
231065874
231474909
899488288
0
254804230
1360306819
254023772
1061857437
2014375436
1531924107
0
1556227665
1506786752
1368636675
2071014340
0
189720764
467131027
855460372
2140785113
146357396
1678810091
733105298
1697531121
929546196
1023898081
749935114
495117355
186933622
1569070199
1466171184
377500869
635550488
752207173
2033508554
1864833817
1133211790
0
1018283084
0
0
0
143479396
1261671063
1163799706
886382395
0
1468852615
742400530
0
2052006992
1917397053
1353966166
1436085395
0
889200969
0
707981553
612453040
233222225
107239760
80631003
12251260
139879863
24858126
1688722447
0
0
2074767008
2100741539
0
1646113101
82198810
189090301
0
0
1469398566
1624679261
0
0
1204749746
0
0
1002825373
0
596465533
0
2064385361
1651315462
0
1728740296
330068707
979806612
480894417
391217502
0
1958060726
1159644415
1943564474
420404629
694976320
0
1015310950
0
2004632006
186943279
443436600
0
1335287550
1006293365
1258824464
599751013
0
1451365725
329464606
0
1424992490
769397733
0
449835157
2146679384
485838333
2136444002
0
0
658512203
0
459597629
1898471892
0
1504198824
0
435034466
0
689069676
2018646883
0
803845279
2035512694
0
1613408
2096045889
0
0
382851650
1415532765
0
1110444583
1592032376
1210716161
0
1935255495
1162509366
0
92048796
810537487
42828100
858354689
0
643641665
288878602
297153859
932826274
0
888023072
571257109
0
1163957075
0
1601778553
0
1185058307
0
1893926735
2019718696
0
683336496
1856802153
141349398
1387477745
0
0
853684146
368126673
0
719540699
404525212
506946843
1568146834
609980973
1506101248
1093449573
650414722
452077455
852098250
748576795
0
0
675471012
1950121285
58116992
383461223
1657004214
0
0
922134383
0
1541327089
1733727670
0
640296920
0
1152218450
0
0
118435531
0
2096876935
0
63942509
2073222778
737311227
1131727112
1046443947
1804050714
1287148411
0
0
0
1533169387
1473514030
831546077
779891956
1290005839
1859337228
299724171
324845432
950747899
796058198
1778029107
414753030
0
1707300606
1305592471
1520082164
53750535
0
514121075
651355558
0
967120364
0
2061382248
0
1052109932
0
2000641220
1505635409
1845516196
0
1180102940
0
0
0
972980928
731320029
1084722292
266152315
1648774604
824698187
969537636
0
0
562940397
805077472
1494995539
0
16765927
702058226
577940501
2101863328
1169450181
1711748382
0
1139087430
0
