823
1466385565
224963129
2081957482
966368787
414874884
0
1677905118
1079732346
952222312
202551561
1134611871
0
1966823972
1719946837
827823977
1731620799
1511991087
1575579313
1092728815
0
0
1687729357
420783590
996274983
0
0
1092658066
591959395
1451134164
0
1873516662
1385403959
250970933
22725886
878252397
0
1641749787
0
174744894
1997397864
1391746160
846702113
1162351106
820929499
1963236324
0
0
0
135822288
107803225
0
0
1726493052
19767933
1566491297
1853404408
301861117
987608356
898268439
102679398
1885745324
1409400101
345719633
315916050
1490659912
44134561
0
399688395
391941417
582974261
2024324761
1289569415
0
0
0
471780790
0
1360209888
302755374
800813919
0
1560726716
0
2012009972
483651595
1395035576
0
367453543
713773448
0
792094709
1023996779
2082508852
0
0
592118162
0
720230164
2004922570
130004510
403862948
1012924842
0
1808322290
1481606568
759110849
1471923002
1444400438
1142466049
1712317109
1500586486
1218617746
0
0
0
1755829758
515836921
1958099936
844485678
967424730
515627472
935004065
1361185322
1601049827
984792636
1129791133
643629726
1502806975
2012634928
1183769273
764225810
1155475451
69616652
1086641005
1560541603
1884428983
0
131061441
1935894626
2088713038
577055316
1592611205
1209749710
228868759
1259948240
427527460
0
351025347
1494661124
174711893
1108770577
0
1332423165
1509045033
1953389919
0
2040158956
0
208197449
197901383
1931943264
0
1684434207
1063032483
434917028
388139290
1783303129
0
1799728727
1158084516
213409418
0
776274084
719502629
1014609206
100732727
0
386104809
0
1357111283
1680994276
2127862213
637148881
679052426
1662516888
562703870
0
1125663235
2001075244
1763887128
1387008894
0
623481952
364465772
0
907337547
1828229980
1561551480
389045094
0
1460758320
895070353
0
1008421995
760264708
221307080
2054693398
1940660202
463515021
285803409
0
1339399827
1877233524
1306795573
0
0
2008847096
1211826153
1512647698
1602998732
1332070900
240974821
741216086
0
980573272
872942353
590379546
0
1191955452
1473447013
406895651
0
2099570856
39680281
829270658
1354398275
246910129
1430663645
1455630894
802641647
987497984
2109188705
1098150818
974316787
0
615200424
1692814750
303821079
0
1924330113
0
1216912499
666498460
0
916788270
81918178
400914584
0
1462947415
0
1391111172
683089157
62799078
0
1520679565
81931089
174180434
0
2134543508
1602301085
1530382638
1995605352
1916873056
0
0
990909606
180017556
452101072
375826547
421544903
1565338949
171436025
0
1217067915
256587820
1927899957
1141255382
1984608208
25603024
1511835590
1553310306
213851315
1082844025
1685267813
0
1162525615
721421752
1522767105
2012549746
0
1434775483
764058517
125466462
1885770575
1152797840
1061183353
715441511
435389931
769671284
1375433416
0
2074967280
1254325309
237740401
986589383
0
2040745572
1602599685
1824084862
151782288
1397790360
1613445812
1065812434
102946747
1768213556
1990518565
1256121718
858079370
0
816953905
659096978
2116075979
1577724857
1668826269
1779922502
1411337575
0
35493308
1128829373
591300926
545994457
1778442128
911393363
131174343
644457896
1625417380
1838206258
1349228019
154084348
1942839133
1095315139
804567666
0
712110441
1617136351
2144442195
1307390812
1127804144
1817246355
0
0
1401918724
212504858
0
1936573068
610700336
981742345
192894200
2051283048
1116844129
58025781
1269418907
1584288780
596572016
543553182
0
646415512
629768881
505685349
423690742
2125714329
549210616
1532037766
1099468463
0
0
68574522
997431414
666297276
1512115293
1004473390
0
1683175800
836203980
1055723530
1379251548
1357986243
1777929501
1547867078
103875343
1171149837
54863849
77580682
35975371
1671321292
481203296
0
0
962006717
671063977
1726735738
1246097366
1926241620
1160628221
1754114342
861435615
0
1778143860
0
213955
449499340
0
1907445790
583331362
1359041208
1983642697
1180543786
1715171059
856851164
483800109
0
0
1711357760
641228393
2133715530
1406683998
2079977964
906603482
1458842110
0
761352400
0
1274658895
429254067
410061587
670871080
1739577787
1709724839
2137953389
914073785
256522938
291057988
1747384348
449760469
2097474710
0
2067044877
1743657913
1527254650
2078261411
186775441
0
1943981278
0
0
1675649465
111193002
1877174619
1164137732
550477989
45313070
0
974780184
2129724865
0
710549206
2133934300
2064406360
2116632238
704089184
1478336048
1408982150
163524471
299754715
259804572
0
1721288286
2143431026
316082343
491462364
1018109407
1981174798
1423409172
1799401770
708615022
0
1795861856
1249871281
380172199
950340971
1870285156
1806499760
454339870
519871394
563635296
601429134
113867882
2043472763
1739840996
0
1363605710
1462620863
0
1900015553
200637871
1494530100
1549211700
1231363669
968142630
2075850999
465815744
193465769
1193632775
546856467
247115356
1451923317
1258816694
1525031639
1403343896
1270067017
575588695
0
1778323563
658808845
592178337
946161103
1597056680
28323825
1734519951
734506252
1136963081
276414637
128492142
1474230087
1861522880
1001058737
844439610
150797715
2069683260
638541557
1081179001
1720771815
1068307671
0
753009442
119537251
2134994620
146764309
540969662
1260086594
301725751
0
958262994
0
615894649
0
1287283414
1329103175
1614298781
1033283457
0
1307855550
1387921492
1611314709
852123830
0
1082043936
733404569
1804770410
1926563310
1971903961
1339334189
1239816574
904997826
0
1357023569
410718058
1430185083
0
1484881589
315086382
121991999
8799677
189149404
1348192690
356857283
124085116
178870205
1973030083
882784759
660804800
759224132
1247952402
404027619
0
578144016
974123126
2120163999
0
1206608337
1903622330
1185559734
0
1759350917
641788430
157843103
0
1237330348
1440550730
1416892334
1669140172
906915365
431667782
466576640
0
206496073
0
0
0
464141029
171546918
0
482658576
1834325145
656211026
2114228566
0
1057155264
811243553
717254199
1306146792
110098825
1652124714
1384049430
586379556
125910328
826890902
2023607002
0
1913934089
1631486850
988337755
2043685828
1979246530
1168132630
1968153055
0
1124300449
1374861538
1565962243
316354169
1688377794
484484878
878777282
778642128
2066149489
2055407071
343940155
1189254260
1446567237
548931241
1884513655
629619176
954420825
164881863
915976291
560021025
0
1026438465
2093070991
556456816
113573838
1258664834
1806336051
33081884
666050392
1012562742
0
1888174192
1521893665
841011434
1147376299
949832780
0
712714030
1423932114
1810286176
1128069617
44664370
0
624049044
1137124530
1185194779
655494160
614602287
1911101358
1998007978
1598959387
1599966379
344849885
1635702369
0
464038045
500951313
0
1455444091
441917076
130506240
325921534
1306443552
2033804320
0
1245262527
1031442763
723443284
0
1542105726
1667745575
0
1203653334
657956386
151257676
711594972
1369202346
968267094
0
0
163532297
0
51352742
1428412420
390653496
990822643
0
132853056
1892828084
0
610991806
1945096556
560389352
627873641
0
1361045040
2134094257
0
253151478
819119196
0
119303958
864060455
553419480
1050241718
1033504853
676045291
1017822836
0
1205666699
0
518265792
1239575196
1918597834
1686232219
435646532
1216336677
428019310
1974252551
0
1963201521
185172354
718379971
1743356196
184110288
70429470
0
355850624
660596809
5151682
249462187
1309684172
0
0
746347914
0
0
138511050
1883622830
1466597556
1443491365
1280306265
2116688346
1211197181
1175394500
2130685762
1471977502
1280947411
756495269
1544127718
31334512
814736733
1856381825
0
986618851
2051850628
0
19187726
660170935
1722101248
1591960033
0
177910027
1290308788
333346816
1031802054
0
1230003189
0
1095336263
1798154643
986758012
1106235773
852134302
870036783
0
1603193953
1282512007
0
0
1163227138
0
824717271
175447069
0
956959154
1517808267
1197826948
0
1925342622
1854091575
662310461
200010953
282393351
2007877227
0
961308197
0
0
1827898616
0
1523401514
1894807763
1627054340
1789292813
663953902
2060766471
1456192272
195562377
0
68691699
0
2095898621
653792547
1683431079
76255032
440582897
676769810
1747297308
1595884980
2065957592
425505334
53168304
0
1357063465
1295992850
944610747
1946067947
1336731189
0
0
380199439
978504513
1508822703
1377916534
551315580
423464349
514857299
0
1998793269
1525484230
1602540938
25266763
1187942396
1234933029
1604857550
0
0
21215148
1448382722
1740610451
0
53874368
457190462
230159135
993701528
1273131761
829519090
1700093846
0
1876492093
162702798
531278087
946766239
1554332044
737571562
2107057012
418797676
0
197827627
430742143
1446524503
0
978982781
1850127803
1375557772
845001325
0
697729823
1623295096
717796452
1511192282
1402793067
279097323
948654762
0
1921688479
0
0
0
503782587
503867748
1391693533
1494437262
0
0
404129625
580537226
2134173084
1499640492
1697089978
2108740390
1064385255
1550586269
1979631492
1899835722
231883867
1978207468
1400624421
1492429310
322491776
1002417797
621116817
1532216866
476279675
1905565620
352741984
13052347
218118247
2002971400
1518225300
1419137938
107015916
624343825
1416581685
1944551579
892084679
1988759165
1921607169
924049538
0
0
1884159269
721706118
137715426
1582638664
547437329
154612698
574144318
702416060
581837493
362992198
467685920
